    0.020881     0.022029     0.003372     0.019019     0.018335     0.020314     0.018656     0.022390     0.016142     0.017357     0.016341     0.015301     0.015047     0.015165     0.014046     0.012280     0.012135     0.010016
    0.022029     0.026229     0.003564     0.021639     0.020613     0.023081     0.020997     0.025912     0.018302     0.019752     0.018425     0.017192     0.017260     0.017694     0.016323     0.014061     0.014001     0.011452
    0.003372     0.003564     0.003004     0.003158     0.003156     0.003464     0.003155     0.003507     0.002776     0.002943     0.002817     0.002774     0.002442     0.001853     0.001781     0.002016     0.001874     0.001884
    0.019019     0.021639     0.003158     0.020276     0.017973     0.020419     0.018490     0.022502     0.016344     0.017551     0.015594     0.014443     0.014764     0.014854     0.013815     0.012095     0.011930     0.009876
    0.018335     0.020613     0.003156     0.017973     0.018092     0.019147     0.017570     0.021116     0.015270     0.016402     0.015156     0.014122     0.014084     0.014337     0.013189     0.011504     0.011422     0.009418
    0.020314     0.023081     0.003464     0.020419     0.019147     0.024596     0.019790     0.023839     0.017134     0.018554     0.016608     0.015515     0.015449     0.015646     0.014361     0.012354     0.012519     0.010286
    0.018656     0.020997     0.003155     0.018490     0.017570     0.019790     0.019052     0.021577     0.015682     0.016882     0.015298     0.014237     0.014249     0.014480     0.013331     0.011598     0.011571     0.009543
    0.022390     0.025912     0.003507     0.022502     0.021116     0.023839     0.021577     0.028362     0.019078     0.020604     0.018441     0.017111     0.017909     0.018718     0.017256     0.014565     0.014668     0.011825
    0.016142     0.018302     0.002776     0.016344     0.015270     0.017134     0.015682     0.019078     0.015078     0.015096     0.013199     0.012207     0.012578     0.012422     0.011608     0.010343     0.010114     0.008470
    0.017357     0.019752     0.002943     0.017551     0.016402     0.018554     0.016882     0.020604     0.015096     0.017206     0.014201     0.013131     0.013532     0.013605     0.012645     0.011042     0.010962     0.009071
    0.016341     0.018425     0.002817     0.015594     0.015156     0.016608     0.015298     0.018441     0.013199     0.014201     0.015653     0.013614     0.012911     0.012769     0.011807     0.010585     0.010313     0.008631
    0.015301     0.017192     0.002774     0.014443     0.014122     0.015515     0.014237     0.017111     0.012207     0.013131     0.013614     0.013940     0.012003     0.011711     0.010866     0.009835     0.009567     0.008031
    0.015047     0.017260     0.002442     0.014764     0.014084     0.015449     0.014249     0.017909     0.012578     0.013532     0.012911     0.012003     0.013703     0.013080     0.012055     0.010437     0.010234     0.008373
    0.015165     0.017694     0.001853     0.014854     0.014337     0.015646     0.014480     0.018718     0.012422     0.013605     0.012769     0.011711     0.013080     0.020604     0.015705     0.010651     0.012457     0.008825
    0.014046     0.016323     0.001781     0.013815     0.013189     0.014361     0.013331     0.017256     0.011608     0.012645     0.011807     0.010866     0.012055     0.015705     0.015852     0.009949     0.011295     0.008171
    0.012280     0.014061     0.002016     0.012095     0.011504     0.012354     0.011598     0.014565     0.010343     0.011042     0.010585     0.009835     0.010437     0.010651     0.009949     0.010662     0.008444     0.007082
    0.012135     0.014001     0.001874     0.011930     0.011422     0.012519     0.011571     0.014668     0.010114     0.010962     0.010313     0.009567     0.010234     0.012457     0.011295     0.008444     0.010140     0.006937
    0.010016     0.011452     0.001884     0.009876     0.009418     0.010286     0.009543     0.011825     0.008470     0.009071     0.008631     0.008031     0.008373     0.008825     0.008171     0.007082     0.006937     0.006852
